0|1005022800
9152272|9152272|1|2813640092|2813640092|2813640092|2813640092||no_ii152272|EDTF_6|0|MARVINS1|UNO|10|1000295291
9152272|9152272|1|2813640092|2813640092|2813640092|2813640092||no_ii152272|EDTF_6|0|MARVINS1|UNO|10|1000295291|20|1000295291|17|1001649600|19|1001649600|27|1001649600|29|1001649600|IA0288|1001714400|IE0288|1001714400|EDTF_CRTE|1001908800|EDTF_OS_1|1001995201|16|1021309814|26|1054589982
9152271|9152271|1|0|0|0|0||no_ii152271|EDTF_1|0|SC1MF1F|UNO|EDTF_CRTE|1001649600|EDTF_OS_10|1001649601
9152270|9152270|1|0|0|0|0||no_ii152270|EDTF_1|0|marshak1|UNO|EDTF_CRTE|1001563200|EDTF_OS_10|1001649601
9152269|9152269|1|8307575480|8307581919|8307575480|8307581919||no_ii152269|EDTF_6|0|marshak1|UNO|17|949726800|27|949726800|18|984632400|28|984632400|EDTF_CRTE|1001476800|EDTF_TPV_CRTE|1001476800|EDTF_OS_10|1001563201|17|1001649600|19|1001649600|27|1001649600|29|1001649600
9152269|9152269|1|8307581919|8307581919|8307581919|8307581919||no_ii152269|EDTF_6|0|marshak1|UNO|18|954306000|28|954306000|EDTF_CRTE|1001476800|EDTF_TPV_CRTE|1001476800|EDTF_OS_10|1001563201|17|1001649600|19|1001649600|27|1001649600|29|1001649600
9152268|9152268|1|0|0|0|0||no_ii152268|EDTF_6|0|TONYW1|UNO|EDTF_CRTE|1001476800|EDTF_OS_10|1001649601
9152267|9152267|1|9035721286|9035721286|9035721286|9035721286||no_ii152267|EDTF_6|0|ARUZICKA|UNO|18|995428800|28|995428800|30|995428800|EDTF_CRTE|1001390400|EDTF_TPV_CRTE|1001390400|EDTF_OS_10|1001476801
9152267|9152267|1|9035779341|9035721286|9035779341|9035721286||no_ii152267|EDTF_6|0|ARUZICKA|UNO|EDTF_CRTE|1001390400|EDTF_TPV_CRTE|1001390400|EDTF_OS_10|1001476801|17|1007096400|19|1007096400|27|1007096400|29|1007096400|18|1020398400|28|1020398400|30|1020398400
